cmd: ./sensor_analyzer_par 4 sensores.log
events: Ir
fl=./csu/../csu/libc-start.c
fn=__libc_start_main@@GLIBC_2.34
128 2
134 3
135 7
138 1
139 2
142 3
143 2
144 11
145 4
242 13
311 3
312 3
337 6
340 2
343 2
350 2
352 2
360 4
fl=./csu/../sysdeps/nptl/libc_start_call_main.h
fn=(below main)
29 9
44 3
46 2
51 2
52 2
55 2
58 6
fl=./csu/./csu/init-first.c
fn=_init_first
46 6
51 2
55 5
61 1
62 1
63 2
71 2
72 3
fl=./ctype/./ctype/ctype-info.c
fn=__ctype_init
29 5
31 35
33 20
35 20
36 5
fl=./debug/../libio/libioP.h
fn=__fread_chk
979 2
980 9
fl=./debug/../sysdeps/x86_64/multiarch/ifunc-memmove.h
fn=__memcpy_chk
56 2
57 3
60 3
61 2
74 2
77 2
85 2
93 2
96 5
fn=__memmove_chk
56 2
57 3
60 3
61 2
74 2
77 2
85 2
93 2
96 5
fn=__mempcpy_chk
56 2
57 3
60 3
61 2
74 2
77 2
85 2
93 2
96 5
fl=./debug/../sysdeps/x86_64/multiarch/ifunc-memset.h
fn=__memset_chk
54 5
57 3
58 2
64 2
73 2
75 2
85 2
93 2
96 5
fl=./debug/../sysdeps/x86_64/multiarch/memcpy_chk.c
fn=__memcpy_chk
29 1
fl=./debug/../sysdeps/x86_64/multiarch/memmove_chk.c
fn=__memmove_chk
29 1
fl=./debug/../sysdeps/x86_64/multiarch/mempcpy_chk.c
fn=__mempcpy_chk
29 1
fl=./debug/../sysdeps/x86_64/multiarch/memset_chk.c
fn=__memset_chk
29 1
fl=./debug/./debug/fread_chk.c
fn=__fread_chk
33 15
35 4
38 4
42 2
46 2
50 14
51 5
53 3
54 8
fl=./debug/./debug/strcpy_chk.c
fn=__strcpy_chk
27 1000
28 200
29 200
32 400
33 500
fl=./dlfcn/./dlfcn/libc_dlerror_result.c
fn=__libc_dlerror_result_free
29 5
30 4
39 3
fl=./elf/../bits/stdlib-bsearch.h
fn=intel_check_word.constprop.0
27 96
28 48
29 744
31 648
32 348
35 264
37 120
fl=./elf/../elf/dl-tls.c
fn=_dl_add_to_slotinfo
1017 9
1023 1
1026 1
1027 1
1031 3
1065 2
1068 2
1069 3
1072 6
fn=_dl_allocate_tls
365 4
369 4
370 4
371 8
374 4
380 12
530 8
531 4
534 8
537 12
549 4
554 52
560 16
563 12
564 8
570 12
571 8
573 24
576 8
577 8
580 8
581 16
583 8
584 8
593 4
603 52
609 12
615 8
618 4
620 4
626 40
627 8
630 32
fn=_dl_allocate_tls_init
523 11
524 2
528 2
531 1
534 2
537 3
549 1
554 17
560 5
563 3
564 2
570 3
571 2
573 10
576 2
577 2
580 2
581 4
583 2
584 2
593 1
601 2
603 10
609 1
615 2
618 2
621 9
fn=_dl_allocate_tls_storage
365 1
369 1
370 1
371 2
374 1
380 2
417 7
419 1
430 1
431 1
432 2
440 6
441 1
445 305
464 1
470 7
fn=_dl_assign_tls_modid
125 4
128 2
141 1
181 1
183 1
186 1
187 2
fn=_dl_count_modids
192 1
194 2
195 1
210 2
fn=_dl_determine_tlsoffset
216 9
217 1
218 1
219 1
222 4
225 2
259 1
261 11
263 5
265 3
266 2
268 2
270 5
281 1
286 8
288 2
289 1
294 1
301 1
302 7
304 2
354 1
355 8
fn=_dl_tls_static_surplus_init
83 3
97 8
100 6
101 5
102 3
104 4
107 1
109 1
111 3
112 6
fl=./elf/../include/list.h
fn=__tls_init_tp
43 2
44 2
45 1
47 1
fl=./elf/../include/rtld-malloc.h
fn=__minimal_calloc
56 8
fn=_dl_allocate_tls
44 8
fn=_dl_allocate_tls_storage
44 2
56 1
fn=_dl_check_map_versions
44 9
fn=_dl_find_object_init
56 2
fn=_dl_important_hwcaps
56 4
fn=_dl_init_paths
56 5
fn=_dl_map_object_deps
56 6
fn=_dl_new_object
44 9
56 6
fn=fillin_rpath.isra.0
50 2
51 1
56 2
fn=init_tls
44 2
fl=./elf/../include/scratch_buffer.h
fn=_dl_map_object_deps
77 2
78 1
85 3
131 8
fl=./elf/../misc/sbrk.c
fn=sbrk
37 6
40 1
58 2
62 2
78 5
fl=./elf/../nptl/nptl-stack.h
fn=__libc_early_init
61 8
fl=./elf/../sysdeps/generic/_itoa.h
fn=_dl_check_map_versions
76 6
fl=./elf/../sysdeps/generic/dl-cache.h
fn=_dl_load_cache_lookup
125 1
194 1
195 5
fl=./elf/../sysdeps/generic/dl-call_tls_init_tp.h
fn=init_tls
31 8
33 1
fl=./elf/../sysdeps/generic/dl-debug.h
fn=dl_main
29 4
30 1
fl=./elf/../sysdeps/generic/dl-hash.h
fn=__rtld_malloc_init_real
43 1
44 1
45 19
48 18
62 24
67 1
72 1
fl=./elf/../sysdeps/generic/dl-new-hash.h
fn=_dl_lookup_symbol_x
69 118
70 236
74 924
77 1848
80 858
81 1716
87 52
88 52
89 104
90 52
99 806
101 806
102 1612
104 806
105 806
fl=./elf/../sysdeps/generic/dl-protected.h
fn=do_lookup_x
29 444
fl=./elf/../sysdeps/generic/ldsodefs.h
fn=_dl_relocate_object
79 35
140 363
fn=_dl_start
79 6
fn=do_lookup_x
139 222
140 333
fl=./elf/../sysdeps/nptl/dl-mutex.c
fn=__rtld_mutex_init
30 7
37 1
40 7
44 2
45 9
47 6
51 2
52 7
53 6
fl=./elf/../sysdeps/nptl/dl-tls_init_tp.c
fn=__tls_init_tp
68 5
69 1
72 1
75 4
76 2
77 1
82 2
87 4
90 1
93 3
105 4
121 3
128 2
129 3
fn=__tls_pre_init_tp
53 3
56 10
61 2
62 1
64 1
fn=rtld_mutex_dummy
42 8
44 16
fl=./elf/../sysdeps/nptl/pthread_early_init.h
fn=__libc_early_init
33 6
34 1
38 5
45 2
46 1
48 2
52 5
53 1
54 1
56 1
fl=./elf/../sysdeps/posix/dl-fileid.h
fn=_dl_map_object_from_fd
37 8
40 8
49 12
fl=./elf/../sysdeps/unix/sysv/linux/brk.c
fn=brk
36 1
37 1
38 2
44 1
45 1
fl=./elf/../sysdeps/unix/sysv/linux/brk_call.h
fn=brk
24 2
fl=./elf/../sysdeps/unix/sysv/linux/dl-osinfo.h
fn=dl_main
39 2
52 1
fl=./elf/../sysdeps/unix/sysv/linux/dl-parse_auxv.h
fn=_dl_sysdep_parse_arguments
32 2
33 1
34 1
41 93
42 44
43 44
45 1
46 2
47 2
48 2
49 1
51 2
52 2
53 2
54 2
56 2
fl=./elf/../sysdeps/unix/sysv/linux/dl-sysdep.c
fn=_dl_sysdep_parse_arguments
78 7
79 2
80 2
81 3
82 31
83 65
86 2
90 56
93 5
94 2
95 3
96 6
fn=_dl_sysdep_start
102 6
103 1
106 2
110 2
113 1
115 2
122 3
123 2
125 5
137 3
140 5
143 4
fn=_dl_sysdep_start_cleanup
147 1
148 1
fl=./elf/../sysdeps/unix/sysv/linux/dl-vdso-setup.h
fn=dl_main
30 1
33 1
36 1
39 1
45 1
fl=./elf/../sysdeps/unix/sysv/linux/dl-vdso.h
fn=dl_main
40 2
41 5
55 2
fl=./elf/../sysdeps/unix/sysv/linux/rseq-internal.h
fn=__tls_init_tp
32 3
34 7
37 2
40 1
fl=./elf/../sysdeps/unix/sysv/linux/x86/dl-hwcap2.h
fn=update_active.constprop.0
25 2
fl=./elf/../sysdeps/unix/sysv/linux/x86/dl-minsigstacksize.h
fn=get_common_indices.constprop.0
24 2
27 2
28 2
65 3
72 1
74 1
fl=./elf/../sysdeps/x86/cpu-features.c
fn=get_common_indices.constprop.0
398 3
402 4
405 5
409 1
410 4
411 4
412 4
413 3
414 2
421 2
423 9
428 8
435 2
436 7
442 2
457 3
fn=init_cpu_features.constprop.0
376 3
377 2
378 6
383 2
384 6
389 2
390 7
682 8
685 1
686 1
687 1
690 1
699 3
702 6
703 1
706 2
708 6
713 1
715 3
717 9
721 7
774 3
781 2
799 1
832 2
866 4
869 2
870 1
878 2
885 2
887 2
891 2
897 2
899 1
1001 3
1002 2
1005 2
1006 2
1012 1
1013 1
1014 1
1015 2
1019 4
1022 4
1028 3
1041 2
1042 4
1081 1
1082 2
1086 3
1103 2
1104 2
1106 3
1107 2
1109 3
1110 2
1113 2
1127 4
1129 4
1135 4
1142 8
fn=update_active.constprop.0
72 8
76 1
84 3
85 3
86 1
94 4
95 1
103 4
104 1
109 4
112 4
113 1
116 5
117 2
121 5
122 3
123 3
124 2
128 5
129 5
130 3
132 2
133 4
147 2
151 7
152 4
154 3
158 4
161 1
164 2
166 2
170 1
171 1
178 4
180 5
186 4
188 5
190 4
195 5
244 3
245 3
261 4
277 2
281 2
282 1
285 4
289 2
293 3
294 2
296 1
297 1
300 2
302 1
305 2
356 5
360 3
369 1
370 8
fl=./elf/../sysdeps/x86/dl-cacheinfo.h
fn=get_common_cache_info.constprop.0
571 11
586 1
587 1
588 2
589 1
590 2
596 3
598 7
601 2
613 1
618 3
622 2
627 5
630 24
637 8
640 26
645 2
649 3
650 2
654 2
658 3
661 4
662 1
667 4
673 4
681 6
683 2
685 4
687 12
689 1
690 1
691 9
693 4
696 7
701 1
703 4
704 3
705 1
708 2
711 2
718 1
720 4
721 1
726 2
731 2
732 1
733 2
734 1
759 3
770 5
771 5
775 2
782 1
783 2
784 1
785 7
fn=handle_intel.constprop.0
250 108
255 24
261 12
262 12
267 48
271 24
276 24
279 60
281 24
284 60
286 24
305 96
fn=init_cpu_features.constprop.0
792 1
793 1
795 1
809 2
811 3
812 3
813 3
814 2
817 3
819 3
820 2
822 3
824 3
825 1
827 3
829 3
830 2
832 3
834 3
836 3
838 5
894 2
895 2
896 2
897 2
898 2
899 2
900 1
901 1
902 1
903 1
904 1
905 1
907 1
910 3
924 3
925 7
930 2
931 6
932 2
939 3
959 6
968 2
969 2
974 12
987 5
995 7
997 2
1000 5
1002 2
1005 5
1006 5
1010 6
1011 3
1017 7
1020 11
1021 10
1022 13
1025 10
1027 10
1040 4
1042 2
1043 2
1044 1
1045 1
1046 1
1047 1
fn=intel_check_word.constprop.0
110 648
113 324
119 216
123 48
125 12
129 120
131 144
133 60
135 120
143 120
152 12
155 138
158 99
162 58
164 189
167 120
168 72
169 60
170 48
172 11
174 22
176 12
177 16
178 12
179 20
180 14
181 12
183 8
184 12
187 21
190 2
194 192
202 168
216 48
246 144
fl=./elf/../sysdeps/x86/dl-get-cpu-features.c
fn=__x86_cpu_features
39 3
71 3
fn=_dl_x86_init_cpu_features
37 1
39 3
41 1
fl=./elf/../sysdeps/x86/dl-isa-level.h
fn=_dl_load_cache_lookup
28 6
fl=./elf/../sysdeps/x86/dl-procinfo.h
fn=_dl_load_cache_lookup
39 2
42 7
fl=./elf/../sysdeps/x86/dl-prop.h
fn=_dl_map_object_from_fd
149 8
fn=_dl_process_pt_gnu_property
95 20
102 10
115 10
118 5
252 4
253 2
254 6
255 3
257 20
258 1
260 5
fn=dl_main
36 2
37 15
40 7
49 22
53 18
71 2
149 4
235 4
236 2
fl=./elf/../sysdeps/x86/get-isa-level.h
fn=_dl_hwcaps_subdirs_active
30 4
31 1
32 3
36 3
39 4
40 4
45 4
48 2
51 5
53 4
54 2
55 2
58 4
fn=update_active.constprop.0
28 1
30 4
31 1
32 3
36 3
38 1
39 2
40 4
45 4
47 1
48 2
51 5
53 4
54 2
55 2
57 1
58 4
fl=./elf/../sysdeps/x86_64/dl-cet.c
fn=_dl_cet_check
145 2
157 2
173 1
179 1
275 2
276 1
277 2
282 4
283 3
285 2
293 5
296 1
300 2
301 1
302 2
303 2
304 2
305 2
308 1
310 1
313 2
361 8
363 6
fn=_dl_cet_setup_features
331 1
334 2
350 1
fl=./elf/../sysdeps/x86_64/dl-hwcaps-subdirs.c
fn=_dl_hwcaps_subdirs_active
29 1
38 3
43 1
48 1
52 1
fl=./elf/../sysdeps/x86_64/dl-machine.h
fn=_dl_relocate_object
81 16
267 272
274 272
278 272
287 1367
290 290
291 94
292 516
295 6
296 9
307 6
314 15
317 816
320 38
323 38
393 20
400 48
402 64
406 48
415 32
423 242
436 7
476 94
478 47
479 47
498 18
499 6
503 12
504 12
730 8
734 6
fn=_dl_start
55 1
278 9
287 27
290 6
291 12
317 8
323 2
fn=_dl_sysdep_start
220 1
fl=./elf/./dl-find_object.h
fn=_dl_find_object_from_map
95 8
96 8
97 4
103 20
104 119
105 82
107 12
112 4
fl=./elf/./dl-hwcaps.h
fn=_dl_important_hwcaps
43 9
45 7
46 1
77 8
78 8
79 7
fl=./elf/./dl-load.h
fn=_dl_map_object_from_fd
91 16
92 4
93 5
94 4
96 4
fl=./elf/./dl-main.h
fn=dl_main
109 5
fl=./elf/./dl-map-segments.h
fn=_dl_map_object_from_fd
28 6
29 18
81 2
101 2
102 6
105 6
106 4
108 4
125 2
135 48
137 24
139 60
149 32
155 4
156 2
157 6
158 4
160 4
165 4
168 6
176 14
182 4
186 8
189 2
194 8
fl=./elf/./dl-sym-post.h
fn=lookup_malloc_symbol
41 8
53 12
fl=./elf/./dl-tunable-types.h
fn=__GI___tunable_set_val
84 5
fl=./elf/./elf/dl-audit.c
fn=_dl_audit_activity_map
29 7
30 1
31 3
37 6
fn=_dl_audit_activity_nsid
41 1
45 4
46 1
47 5
fn=_dl_audit_objopen
77 2
78 8
fn=_dl_audit_preinit
118 1
119 4
fl=./elf/./elf/dl-cache.c
fn=_dl_cache_libcmp
357 18
358 101
360 135
362 47
368 4
369 3
370 40
372 40
374 2
380 88
382 88
383 24
386 36
387 36
390 12
fn=_dl_load_cache_lookup
191 16
205 1
208 8
210 10
211 2
213 5
220 19
222 50
223 16
227 24
231 24
232 16
240 4
242 2
245 2
247 6
249 1
259 2
269 3
270 4
286 7
295 2
298 2
301 1
302 3
330 2
346 7
347 4
349 3
403 10
405 2
408 3
411 5
419 5
420 8
423 6
424 1
431 1
432 2
482 3
485 3
500 2
512 3
513 15
514 4
515 1
516 8
fn=_dl_unload_cache
525 3
526 4
528 2
529 1
533 1
535 2
fl=./elf/./elf/dl-call-libc-early-init.c
fn=_dl_call_libc_early_init
27 7
29 2
33 5
37 2
39 4
40 2
41 3
fl=./elf/./elf/dl-catch.c
fn=_dl_catch_error
254 12
256 2
257 2
258 2
259 2
261 6
fn=_dl_catch_exception
58 9
59 6
69 6
70 15
204 24
207 6
214 3
228 3
229 6
235 18
237 9
239 12
248 9
fn=_dl_receive_error
58 2
59 1
69 2
70 2
186 7
188 1
192 1
194 1
197 1
198 4
fl=./elf/./elf/dl-debug.c
fn=_dl_debug_initialize
56 3
57 1
59 2
61 2
63 3
64 1
85 3
90 3
91 2
92 1
95 3
96 6
99 2
107 2
fn=_dl_debug_state
116 2
117 2
fn=_dl_debug_update
38 3
40 6
41 3
44 6
48 3
fl=./elf/./elf/dl-deps.c
fn=_dl_map_object_deps
128 3
129 5
130 6
132 3
136 8
143 13
144 20
160 9
161 1
164 1
182 1
183 6
184 1
188 9
190 12
193 4
197 12
198 25
201 8
205 4
208 16
210 8
215 2
216 2
217 4
218 4
219 2
221 238
222 112
228 23
230 2
232 8
233 4
242 2
244 4
249 14
252 2
253 2
254 2
255 4
256 2
257 2
259 8
263 6
264 3
266 162
417 8
419 10
422 4
423 8
429 2
430 10
431 10
434 2
435 4
439 12
441 4
442 17
448 5
449 1
452 4
463 5
465 4
470 5
471 1
472 2
474 16
478 4
483 8
485 12
490 4
494 2
495 3
532 2
533 2
547 9
552 9
553 5
557 1
559 2
560 1
561 3
568 3
571 2
574 8
fn=openaux
61 12
64 22
65 2
68 2
69 6
fl=./elf/./elf/dl-environ.c
fn=_dl_next_ld_env_entry
28 3
29 3
32 97
34 62
35 18
37 2
40 4
42 2
45 29
fl=./elf/./elf/dl-find_object.c
fn=_dl_find_object_init
561 5
564 1
566 2
567 3
579 2
580 3
582 2
585 2
590 1
591 1
594 3
596 2
599 6
601 1
604 4
fn=_dlfo_process_initial
474 8
475 2
477 2
478 4
504 24
505 22
506 8
508 28
511 24
513 18
515 6
516 6
517 12
529 2
531 8
fn=_dlfo_sort_mappings
536 1
537 2
540 12
544 4
545 19
546 15
548 2
549 2
553 8
554 10
555 4
557 1
fl=./elf/./elf/dl-hwcaps.c
fn=_dl_important_hwcaps
52 16
54 2
55 4
56 2
57 2
77 16
80 16
84 2
86 6
87 2
88 2
100 5
102 3
105 1
108 1
112 5
125 12
127 10
128 4
129 4
130 2
133 3
142 13
143 11
145 8
151 5
155 4
156 3
157 3
161 1
162 2
163 2
172 14
174 2
175 3
185 2
186 3
189 3
193 2
194 2
201 1
202 5
208 2
209 1
213 3
216 9
fl=./elf/./elf/dl-hwcaps_split.c
fn=_dl_hwcaps_split
25 5
26 3
27 1
47 4
fn=_dl_hwcaps_split_masked
26 44
30 24
34 78
35 12
36 24
41 36
42 18
43 12
45 6
51 110
55 5
56 18
57 27
58 24
60 6
62 88
67 12
fl=./elf/./elf/dl-init.c
fn=_dl_init
29 10
35 25
37 26
81 13
82 1
83 1
86 3
89 2
94 4
119 1
120 20
121 8
127 8
fn=call_init.part.0
26 48
43 12
46 12
47 2
51 6
59 9
60 6
63 3
64 6
70 6
72 4
73 22
74 12
76 32
fl=./elf/./elf/dl-load.c
fn=_dl_dst_count
238 18
241 4
244 4
245 2
264 18
fn=_dl_init_paths
706 13
720 4
725 1
727 3
734 3
735 2
739 4
741 4
747 1
748 1
756 8
758 8
759 4
761 5
762 7
763 4
766 13
767 10
768 18
770 32
776 1
777 1
782 1
785 3
787 4
789 3
806 1
808 3
822 2
825 5
827 23
831 2
832 60
833 14
834 28
836 1
837 1
838 2
844 6
847 3
853 1
857 8
fn=_dl_map_object
682 10
696 5
1967 36
1969 2
1975 6
1976 12
1979 51
1984 49
1986 35
1990 12
1991 18
1994 10
1995 6
1996 10
2010 8
2011 6
2019 6
2034 2
2036 10
2040 4
2042 2
2049 4
2053 1
2054 1
2058 3
2059 1
2073 5
2074 7
2075 1
2084 2
2099 2
2100 16
2106 3
2107 1
2115 1
2129 2
2131 3
2135 3
2137 2
2141 2
2149 2
2172 9
2176 3
2177 1
2194 2
2200 1
2201 4
2202 2
2203 2
2207 9
2210 3
2222 8
2267 4
2268 34
2270 29
fn=_dl_map_object_from_fd
944 28
959 8
989 29
990 10
1008 4
1036 8
1046 4
1053 16
1054 4
1065 4
1066 6
1067 4
1069 6
1070 8
1071 2
1074 17
1075 6
1086 2
1088 2
1090 44
1091 2
1092 2
1093 2
1094 2
1100 87
1101 213
1107 4
1114 5
1115 6
1116 20
1121 2
1122 1
1127 62
1135 40
1136 52
1137 40
1138 8
1139 16
1141 56
1143 16
1156 16
1157 30
1162 8
1163 82
1176 3
1180 4
1181 1
1185 5
1186 2
1189 1
1194 4
1209 4
1210 2
1213 6
1218 14
1228 38
1229 16
1235 4
1245 8
1252 14
1264 2
1268 8
1269 6
1275 4
1276 4
1278 4
1288 6
1307 6
1309 12
1361 6
1362 2
1368 70
1369 117
1375 33
1380 8
1393 4
1395 8
1397 4
1413 4
1417 4
1418 4
1435 4
1436 1
1439 4
1444 4
1449 4
1461 16
1462 6
1463 9
1464 3
1465 5
1471 4
1472 4
1477 2
1484 6
1487 4
1491 6
1492 6
1510 4
1514 14
1515 8
1519 18
fn=_dl_process_pt_gnu_property
868 9
869 6
870 3
876 6
882 15
885 9
886 6
887 6
890 9
891 9
895 3
896 6
900 10
901 5
904 10
907 5
908 20
918 9
920 12
fn=expand_dynamic_string_token
241 6
244 4
385 20
399 4
410 14
fn=fillin_rpath.isra.0
468 17
472 1
474 12
481 2
483 6
487 2
492 3
493 2
500 5
505 2
509 15
510 8
528 4
532 4
534 2
538 1
539 2
540 4
541 1
543 2
549 4
550 14
551 4
553 2
554 3
555 1
561 2
562 1
565 3
571 1
574 8
fn=open_path
1812 11
1813 2
1816 1
1817 1
1819 2
1822 2
1824 22
1827 2
1831 1
1835 6
1842 6
1843 22
1846 6
1851 33
1854 6
1860 9
1863 24
1865 9
1867 6
1872 6
1873 21
1879 9
1881 20
1882 2
1884 3
1891 14
1893 4
1937 8
1941 1
1943 4
1946 3
1960 9
fn=open_verify.constprop.0
1572 60
1604 15
1609 6
1623 25
1625 10
1633 2
1634 6
1639 12
1641 4
1643 4
1645 4
1651 4
1668 29
1749 4
1754 4
1760 8
1766 4
1772 8
1773 8
1777 16
1778 5
1799 45
fl=./elf/./elf/dl-lookup-direct.c
fn=_dl_lookup_direct
32 15
33 9
35 6
36 6
48 9
51 6
53 21
57 9
58 21
59 15
74 39
76 6
78 21
79 6
81 12
84 25
86 12
93 6
115 3
116 27
fl=./elf/./elf/dl-lookup.c
fn=_dl_lookup_symbol_x
772 1534
774 236
775 472
778 118
782 454
785 236
787 236
791 1687
792 2006
797 590
799 42
816 118
817 21
820 236
821 761
828 139
856 444
870 333
871 2
873 222
890 444
892 1062
fn=check_match
70 1710
73 912
78 6
86 560
89 524
93 112
94 224
96 220
115 220
116 880
117 545
118 2
119 2
144 4
146 12
147 8
161 111
162 912
fn=do_lookup_x
347 1652
348 118
353 118
354 118
358 764
361 764
365 1000
386 764
390 764
396 1146
400 382
401 382
404 1910
405 1146
408 382
409 764
411 382
412 354
413 764
415 826
416 1528
419 2674
422 226
423 339
424 226
426 226
429 1330
431 342
432 2839
433 228
436 342
439 471
461 888
470 16
476 222
483 856
487 24
499 222
500 111
501 111
518 813
521 7
522 944
fl=./elf/./elf/dl-minimal-malloc.c
fn=__minimal_calloc
80 40
84 8
87 8
88 24
fn=__minimal_free
97 1
99 4
fn=__minimal_malloc
36 192
37 72
42 3
43 2
44 2
48 95
51 160
56 8
57 8
59 2
60 16
62 4
64 8
65 6
67 6
70 24
71 26
73 144
fl=./elf/./elf/dl-minimal.c
fn=__rtld_malloc_init_real
76 10
86 2
87 1
89 1
91 6
92 5
93 5
94 4
99 1
100 1
101 1
102 1
103 8
fn=__rtld_malloc_init_stubs
42 1
43 2
44 2
45 2
46 2
47 1
fn=lookup_malloc_symbol
61 36
63 4
64 28
68 28
69 28
71 4
72 24
fn=strsep
239 2
242 4
244 2
245 4
247 2
249 47
251 28
254 56
256 84
264 14
267 1
271 4
fl=./elf/./elf/dl-misc.c
fn=_dl_name_match_p
68 98
69 56
70 3
72 14
74 58
75 90
80 15
82 11
83 56
fn=_dl_sysdep_read_whole_file
36 11
39 3
40 2
42 6
44 2
47 2
49 8
60 3
63 8
fl=./elf/./elf/dl-object.c
fn=_dl_add_to_namespace_list
31 27
33 9
35 26
38 20
40 2
42 2
45 2
46 9
47 6
48 6
50 6
51 15
fn=_dl_new_object
59 45
62 6
64 2
66 3
67 2
71 6
77 2
80 4
83 11
87 4
92 2
95 6
98 3
99 3
100 6
103 6
104 21
106 3
119 13
123 2
125 1
127 21
130 6
131 6
132 3
136 3
139 34
141 20
149 6
150 3
153 1
155 18
157 8
160 8
164 8
168 14
176 1
179 6
189 12
191 8
195 6
199 4
200 4
208 2
212 2
245 8
250 84
251 84
255 4
256 2
259 2
263 27
fl=./elf/./elf/dl-reloc.c
fn=_dl_relocate_object
170 732
171 242
174 1265
175 84
177 7
178 28
182 228
183 114
184 114
186 918
187 540
188 216
190 853
193 114
194 798
196 7
207 55
208 10
220 8
221 12
224 16
226 12
228 4
229 12
251 20
252 8
253 2
255 8
262 12
301 10034
304 20
328 4
331 8
348 12
350 40
356 24
359 8
363 8
364 24
fl=./elf/./elf/dl-setup_hash.c
fn=_dl_setup_hash
25 8
28 12
31 12
32 8
33 4
34 4
36 12
37 4
38 12
40 4
41 8
43 4
45 12
50 4
fl=./elf/./elf/dl-sort-maps.c
fn=_dl_sort_maps
140 20
181 1
182 2
183 17
184 8
211 17
216 2
218 1
219 5
221 13
223 4
226 12
244 4
263 4
276 4
283 1
298 13
306 3
310 9
fn=_dl_sort_maps_init
289 4
290 4
291 1
292 3
293 2
fn=dfs_traversal.part.0
135 36
140 6
143 4
145 12
147 20
156 8
171 12
172 4
173 24
fl=./elf/./elf/dl-tunables.c
fn=__GI___tunable_set_val
72 50
82 5
93 40
94 25
97 10
100 35
104 10
111 10
112 10
115 25
116 5
117 5
118 5
153 30
157 15
fn=__GI___tunables_init
42 160
45 31
48 2303
52 62
56 124
128 1
261 10
267 4
281 5084
283 2
287 9207
304 8
fn=__tunable_get_val
387 74
390 438
399 49
400 15
409 28
416 222
418 37
fl=./elf/./elf/dl-tunables.h
fn=__GI___tunable_set_val
141 10
142 10
151 5
fn=__GI___tunables_init
160 644
161 1477
fl=./elf/./elf/dl-version.c
fn=_dl_check_all_versions
392 7
394 1
396 17
397 4
398 36
401 7
fn=_dl_check_map_versions
36 26
37 5
38 37
56 40
64 30
70 30
86 10
87 20
89 10
94 310
108 260
110 10
113 80
120 360
124 120
155 40
156 4
164 6
170 12
172 20
174 4
175 4
177 8
180 6
184 16
200 6
208 6
213 6
215 8
217 40
218 95
221 20
224 30
228 4
231 40
234 30
239 8
243 6
257 15
260 4
263 198
266 148
270 46
274 9
279 3
280 12
281 9
291 3
294 17
296 6
299 8
303 6
306 30
308 40
310 50
311 20
312 30
313 30
316 30
321 8
324 6
334 6
337 4
341 46
343 96
347 46
348 230
349 138
350 46
353 144
357 46
365 4
366 4
367 4
368 2
370 4
372 124
373 60
375 2
376 7
387 36
fl=./elf/./elf/do-rel.h
fn=_dl_relocate_object
49 24
50 24
51 4
53 40
72 3
73 4
80 24
114 24
123 36
124 12
126 24
129 24
131 738
133 885
134 708
135 531
136 708
138 531
141 188
142 47
143 47
147 130
150 406
151 114
164 12
165 211
166 189
169 141
171 188
172 47
173 94
180 31
182 42
183 12
185 18
193 6
196 18
211 7
fn=_dl_start
49 6
50 4
51 1
53 10
56 4
61 13
63 9
64 6
65 3
fl=./elf/./elf/get-dynamic-info.h
fn=_dl_map_object_from_fd
39 4
43 2
45 194
49 94
51 26
52 13
53 3
54 42
55 34
56 10
59 8
62 8
64 8
68 47
72 8
84 7
85 8
86 8
87 8
88 7
89 7
90 7
91 8
103 16
110 7
115 2
122 2
123 6
129 6
130 3
147 6
152 2
154 2
156 2
158 2
159 2
162 6
164 6
165 4
174 4
175 6
180 4
181 3
184 4
fl=./elf/./elf/libc_early_init.c
fn=__libc_early_init
33 9
35 1
38 2
41 2
47 4
49 2
fl=./elf/./elf/rtld.c
fn=_dl_start
85 8
458 2
476 3
477 1
478 2
488 1
494 4
496 2
517 16
543 1
546 2
547 4
563 190
565 1
578 1
585 9
fn=dl_main
85 17
92 12
93 2
101 9
197 2
199 1
224 3
225 5
226 4
296 3
302 1
303 1
837 1
839 1
848 1
850 1
855 1
1115 1
1116 1
1118 1
1122 3
1124 1
1125 1
1140 1
1143 46
1144 117
1148 3
1153 3
1154 9
1163 2
1164 2
1166 1
1173 3
1191 2
1199 8
1200 17
1201 8
1202 1
1204 12
1205 14
1209 8
1210 8
1211 4
1215 12
1243 2
1247 3
1253 28
1254 61
1260 17
1266 4
1269 3
1271 3
1346 13
1351 1
1352 1
1357 1
1373 3
1374 4
1637 10
1639 2
1640 3
1641 2
1642 3
1646 2
1647 2
1672 3
1673 5
1674 3
1675 3
1678 1
1680 1
1681 1
1683 2
1684 2
1688 2
1690 2
1698 4
1705 2
1708 2
1733 4
1735 1
1740 2
1743 4
1744 4
1745 3
1746 1
1747 1
1748 1
1759 2
1760 2
1762 2
1764 1
1765 3
1770 5
1771 5
1773 3
1779 2
1788 2
1792 1
1793 2
1817 2
1823 1
1824 1
1825 1
1829 3
1834 3
1836 1
1838 2
1842 5
1847 2
1863 6
1939 4
1943 19
1944 1
1947 3
1948 1
1949 2
1950 2
1955 3
1965 9
1971 19
1972 12
1975 3
1976 2
1977 1
1979 14
1980 6
1984 2
1990 1
1992 3
1993 2
1995 2
1997 3
1999 3
2000 1
2001 2
2013 2
2014 2
2015 3
2026 5
2027 4
2028 5
2038 2
2039 2
2040 4
2042 2
2047 3
2246 3
2250 3
2256 2
2259 2
2267 2
2279 3
2282 3
2284 3
2285 6
2292 2
2293 21
2295 8
2300 8
2302 10
2304 1
2305 1
2308 4
2310 8
2311 24
2315 10
2316 3
2325 2
2329 4
2331 1
2338 4
2341 2
2345 3
2347 2
2357 1
2362 3
2365 1
2371 1
2372 5
2380 3
2387 1
2390 3
2394 3
2395 1
2396 1
2397 1
2401 1
2406 8
2538 1
2598 1
2600 2
2602 15
2604 2
2606 107
2607 19
2615 13
2640 2
2650 4
2652 2
2653 1
2687 5
2689 2
2690 2
2691 1
2727 5
2749 3
fn=handle_preload_list
183 3
806 1
810 2
811 2
812 1
814 1
816 6
817 3
825 3
869 13
870 3
874 5
877 4
878 3
880 4
881 2
887 1
889 2
891 2
892 1
895 9
fn=init_tls
734 4
736 2
740 3
746 2
749 1
750 1
751 1
755 1
757 1
761 2
762 2
763 12
764 4
765 8
769 3
771 1
773 3
776 2
779 1
786 2
787 2
793 2
797 1
800 5
fn=map_doit
641 6
643 4
644 6
646 3
fn=version_check_doit
674 6
676 6
680 3
fl=./elf/./get-dynamic-info.h
fn=_dl_start
45 75
49 36
51 10
52 5
54 20
55 16
56 5
59 4
62 4
64 4
68 18
72 3
84 4
85 3
86 4
87 4
88 5
89 3
90 4
91 4
103 10
110 3
123 3
129 3
130 3
133 2
134 3
139 5
142 5
fn=dl_main
39 4
43 1
45 107
49 52
51 12
52 6
54 25
55 21
56 5
59 4
62 4
64 4
68 26
72 7
84 3
85 5
86 5
87 5
88 4
89 5
90 5
91 5
103 9
110 3
115 2
122 3
123 4
129 3
147 4
152 2
154 2
156 2
158 2
159 2
162 4
164 3
165 2
174 2
175 3
180 2
181 3
184 3
fl=./elf/./setup-vdso.h
fn=dl_main
24 2
fl=./io/../sysdeps/unix/sysv/linux/access.c
fn=access
25 1
27 7
31 1
fl=./io/../sysdeps/unix/sysv/linux/close_nocancel.c
fn=__GI___close_nocancel
25 3
26 12
27 3
fn=__close_nocancel
25 1
26 4
27 1
fl=./io/../sysdeps/unix/sysv/linux/fstat64.c
fn=fstat
30 4
39 16
72 4
fl=./io/../sysdeps/unix/sysv/linux/fstatat64.c
fn=fstatat
91 8
146 8
160 4
161 14
162 2
fl=./io/../sysdeps/unix/sysv/linux/open64.c
fn=open
30 12
33 7
41 9
43 8
fl=./io/../sysdeps/unix/sysv/linux/open64_nocancel.c
fn=__open_nocancel
28 24
31 42
39 51
41 12
fl=./io/../sysdeps/unix/sysv/linux/pread64_nocancel.c
fn=__pread64_nocancel
25 4
26 8
27 2
fl=./io/../sysdeps/unix/sysv/linux/read.c
fn=read
25 2
26 12
27 2
fl=./io/../sysdeps/unix/sysv/linux/read_nocancel.c
fn=__read_nocancel
25 2
26 8
27 2
fl=./io/../sysdeps/unix/sysv/linux/stat64.c
fn=stat
28 8
29 16
fl=./libio/../include/printf_buffer.h
fn=__vsnprintf_internal
124 12
127 4
128 4
137 8
fl=./libio/../string/bits/string_fortified.h
fn=_IO_file_xsgetn
29 3
fl=./libio/./libio/filedoalloc.c
fn=_IO_file_doallocate
78 11
84 9
86 4
97 4
101 3
102 2
104 4
105 1
106 9
fl=./libio/./libio/fileops.c
fn=_IO_file_close
1165 1
1168 2
fn=_IO_file_close_it@@GLIBC_2.2.5
128 7
130 3
133 2
134 3
137 1
139 2
142 7
145 3
153 5
154 4
157 2
158 1
159 1
160 1
162 2
163 7
fn=_IO_file_finish@@GLIBC_2.2.5
168 6
169 2
175 3
176 3
fn=_IO_file_fopen@@GLIBC_2.2.5
213 12
214 1
222 2
224 6
227 1
228 2
247 12
281 5
284 2
287 4
288 2
357 12
fn=_IO_file_open
182 12
184 2
185 1
188 2
189 2
191 1
192 6
195 3
205 2
206 1
207 6
fn=_IO_file_read
1131 2
1133 2
1134 6
fn=_IO_file_stat
1147 1
1148 2
fn=_IO_file_underflow@@GLIBC_2.2.5
462 10
466 3
469 2
475 3
478 2
490 2
506 2
512 6
517 5
519 2
526 1
535 3
537 2
538 8
fn=_IO_file_xsgetn
1273 12
1280 2
1283 3
1288 3
1291 9
1293 9
1294 6
1297 1
1302 4
1310 4
1319 6
1320 8
1322 4
1330 3
1331 3
1338 2
1339 6
1342 4
1343 2
1353 1
1354 1
1355 3
1361 8
fn=_IO_new_file_init_internal
106 6
110 1
111 1
113 1
114 1
115 3
fl=./libio/./libio/genops.c
fn=_IO_default_finish
54 2
601 6
603 3
609 3
612 3
624 3
fn=_IO_default_uflow
361 30155718
362 15077859
363 10051906
366 20103812
fn=_IO_doallocbuf
343 8
344 2
346 3
347 5
350 6
fn=_IO_enable_locks
518 1
521 3
523 1
524 9
525 3
526 1
1044 1
1058 3
fn=_IO_link_in
87 14
88 10
90 2
92 7
93 9
94 1
95 9
97 2
98 1
100 5
101 1
102 6
103 2
106 19
fn=_IO_no_init
563 55285527
564 5025957
565 5025957
566 10051914
568 1
572 6
579 1
581 1
586 10051912
587 5025957
588 30155742
fn=_IO_old_init
531 5025957
532 10051914
534 30155742
539 35181699
544 5025957
550 10051914
555 15077871
556 2
558 5025957
fn=_IO_setb
329 55285538
330 20103834
331 1
332 5025958
333 5025958
335 30155750
338 30155748
fn=_IO_sgetn
409 5
411 3
412 2
fn=_IO_sputbackc
635 457361891
638 196012239
639 130674826
641 130674826
642 65337413
647 65337413
648 65337413
651 326687065
fn=_IO_switch_to_get_mode
164 6
165 3
168 3
172 2
173 2
176 1
178 2
180 2
181 1
182 4
fn=_IO_un_link
53 2
54 4
82 2
fn=_IO_unsave_markers
937 6
939 2
944 3
946 3
fn=__GI__IO_un_link.part.0
52 10
58 6
59 10
60 1
61 13
63 3
65 2
66 3
74 2
76 10
77 1
78 6
79 2
82 9
fn=__uflow
173 5025953
299 30155718
300 25129765
305 15077859
308 15077859
310 10051906
316 10051906
321 15077859
323 20103812
324 15077859
fn=__underflow
173 1
269 6
270 4
275 3
278 3
280 2
286 2
291 3
293 4
294 3
fl=./libio/./libio/iofclose.c
fn=fclose@@GLIBC_2.2.5
34 8
48 3
49 1
51 13
52 2
53 3
57 4
58 3
71 2
76 7
fl=./libio/./libio/iofopen.c
fn=fopen@@GLIBC_2.2.5
37 2
65 2
67 3
70 2
72 7
73 2
74 2
75 7
85 9
87 7
fl=./libio/./libio/libioP.h
fn=_IO_default_uflow
1025 15077859
1026 10051906
fn=_IO_doallocbuf
1025 3
1026 2
fn=_IO_file_close_it@@GLIBC_2.2.5
1025 3
1026 2
fn=_IO_file_doallocate
1025 3
1026 2
fn=_IO_file_underflow@@GLIBC_2.2.5
1025 4
1026 2
fn=_IO_file_xsgetn
1025 3
1026 2
fn=_IO_sgetn
1025 3
1026 2
fn=__uflow
1025 15077859
1026 10051906
fn=__underflow
1025 3
1026 2
fn=fclose@@GLIBC_2.2.5
951 4
952 4
958 2
979 4
980 9
1025 3
1026 2
fl=./libio/./libio/strops.c
fn=_IO_str_init_static_internal
36 50259560
40 10051912
41 15077868
46 25129780
48 5025956
49 5025956
50 5025956
51 35181692
53 5025956
54 5025956
55 5025956
64 5025956
65 30155736
fn=_IO_str_underflow
145 5025953
146 20103812
148 25129765
154 15077859
157 5025953
158 5025953
fl=./libio/./libio/vsnprintf.c
fn=__vsnprintf_internal
63 8
66 4
75 12
76 4
87 8
93 52
96 12
98 24
fl=./libio/./libio/vtables.c
fn=check_stdfiles_vtables
545 1
546 4
547 3
548 3
550 1
fl=./malloc/../string/bits/string_fortified.h
fn=calloc
59 12
fn=tcache_init.part.0
59 88
fl=./malloc/../sysdeps/unix/sysv/linux/not-cancel.h
fn=ptmalloc_init.part.0
97 6
fl=./malloc/./malloc/arena.c
fn=__malloc_arena_thread_freeres
893 9
899 2
900 1
902 2
915 8
fn=calloc
153 8
fn=free
153 6
fn=malloc
153 6
264 1
fn=ptmalloc_init.part.0
262 8
267 1
292 2
296 3
300 4
301 4
302 4
303 4
304 4
305 4
306 4
308 4
309 4
310 4
313 4
314 4
316 2
326 8
fl=./malloc/./malloc/malloc.c
fn=__malloc_arena_thread_freeres
3213 2
3215 2
3217 2
fn=_int_free
1792 1
3163 2
3165 4
3166 1
3167 2
4495 14
4499 6
4505 8
4506 4
4510 10
4517 4
4518 12
4521 1
4527 3
4547 5
4550 1
4561 2
4637 2
4640 2
4643 2
4646 2
4658 11
fn=_int_free_maybe_consolidate
4770 11
4776 2
4778 4
4781 3
4784 5
4785 5
4798 7
fn=_int_free_merge_chunk
1992 3
4665 8
4666 1
4670 6
4673 4
4675 3
4678 3
4681 2
4682 2
4683 2
4689 2
4701 3
4702 7
4714 2
4756 1
4757 3
4758 2
fn=_int_malloc
1326 16
1345 48
1794 8
2008 8
2017 2
2552 12
2553 1
2564 4
2565 3
2568 4
2576 6
2577 2
2589 4
2590 2
2599 4
2608 3
2669 3
2677 2
2678 3
2691 3
2693 1
2699 5
2707 2
2709 4
2710 3
2711 1
2712 1
2715 2
2744 3
2745 1
2746 2
2752 8
2755 4
2782 2
2783 1
2795 3
2814 2
2817 2
2818 6
2820 1
2821 6
2833 5
2873 1
2875 1
2876 5
2877 1
2888 3
2921 3
2922 1
2926 1
2930 5
2932 1
2933 1
2934 1
2935 7
2936 2
2938 1
3846 88
3882 1
3887 16
3914 16
3977 16
3979 36
3980 12
3982 18
4039 37
4040 6
4058 22
4059 24
4060 24
4070 46
4257 24
4259 8
4262 6
4263 8
4330 8
4331 16
4332 16
4333 16
4334 48
4339 32
4343 70
4346 68
4443 8
4444 16
4446 16
4449 24
4451 6
4452 12
4453 6
4454 48
4456 12
4459 12
4460 24
4461 8
4466 8
4482 3
4487 96
fn=alloc_perturb
1985 24
1987 8
fn=calloc
3699 36
3709 36
3717 8
3720 12
3722 8
3725 32
3732 4
3733 8
3740 12
3754 12
3756 40
3759 8
3769 16
3784 8
3787 16
3796 12
3799 20
3807 4
3809 8
3811 8
3837 28
fn=free
3359 16
3363 8
3371 4
3373 2
3375 6
3392 6
3398 6
3401 2
3402 14
fn=malloc
1326 6
1345 15
3248 4
3294 24
3301 6
3311 6
3313 12
3316 6
3317 4
3318 3
3326 6
3328 12
3329 15
3354 18
fn=ptmalloc_init.part.0
1946 385
1949 381
1957 1
1958 1
1960 1
3143 2
fn=sysmalloc_mmap.isra.0
2008 4
2400 6
2413 3
2418 2
2421 10
2424 2
2428 2
2432 4
2448 3
2466 1
2467 3
2471 3
2472 5
2475 3
2476 5
2481 7
fn=systrim.constprop.0
2957 6
2966 3
2968 1
2969 2
2970 1
2974 3
2975 1
2978 5
2980 2
3020 6
fn=tcache_init.part.0
3242 4
3251 8
3252 3
3253 2
3261 4
3270 2
3274 3
fl=./malloc/./malloc/morecore.c
fn=__glibc_morecore
25 6
26 4
29 2
30 4
34 4
fl=./malloc/./malloc/scratch_buffer_set_array_size.c
fn=__libc_scratch_buffer_set_array_size
30 26
34 2
35 4
45 4
46 2
63 12
fl=./malloc/./malloc/thread-freeres.c
fn=__libc_thread_freeres
31 3
33 1
35 1
36 1
37 1
41 1
42 1
fl=./misc/../sysdeps/unix/syscall-template.S
fn=madvise
117 5
122 1
fn=mprotect
117 40
122 8
fn=munmap
117 5
122 1
fl=./misc/../sysdeps/unix/sysv/linux/brk.c
fn=brk
36 2
37 4
38 4
44 2
45 2
fl=./misc/../sysdeps/unix/sysv/linux/brk_call.h
fn=brk
24 4
fl=./misc/../sysdeps/unix/sysv/linux/clone-internal.c
fn=__clone_internal
53 8
62 8
64 32
80 12
82 4
83 4
86 1
97 48
99 8
106 4
109 8
110 32
fl=./misc/../sysdeps/unix/sysv/linux/getpagesize.c
fn=getpagesize
27 5
28 20
30 5
fl=./misc/../sysdeps/unix/sysv/linux/mmap64.c
fn=mmap
47 119
50 34
53 88
58 102
60 68
fl=./misc/../sysdeps/unix/sysv/linux/setvmaname.c
fn=__set_vma_name
33 53
35 37
40 14
47 2
48 1
49 63
fl=./misc/../sysdeps/unix/sysv/linux/x86_64/clone.S
fn=clone
52 4
54 4
55 4
56 4
59 4
60 4
63 4
65 4
69 4
72 4
73 4
74 4
75 4
76 4
81 4
83 8
84 8
85 8
87 4
95 4
98 4
99 4
100 4
fl=./misc/../sysdeps/unix/sysv/linux/x86_64/clone3.S
fn=clone3
42 1
44 1
45 1
46 1
47 1
48 1
52 1
55 1
60 1
62 1
63 1
86 5
fl=./misc/./misc/init-misc.c
fn=__init_misc
30 5
31 6
33 3
37 5
38 3
40 4
fl=./misc/./misc/sbrk.c
fn=sbrk
37 16
40 4
43 4
58 4
59 4
62 4
63 2
66 4
74 3
78 14
fl=./nptl/../include/list.h
fn=__nptl_stack_list_add
43 20
45 4
47 4
fl=./nptl/../nptl/descr.h
fn=__pthread_enable_asynccancel
439 2
fl=./nptl/../string/bits/string_fortified.h
fn=pthread_mutex_init@@GLIBC_2.2.5
59 5
fl=./nptl/../sysdeps/nptl/futex-internal.h
fn=__futex_abstimed_wait_cancelable64
87 2
fn=__lll_lock_wait
87 2
146 16
147 4
fn=start_thread
146 1
fl=./nptl/../sysdeps/unix/sysv/linux/internal-signals.h
fn=pthread_create@@GLIBC_2.34
81 28
89 24
fn=start_thread
89 20
fl=./nptl/../sysdeps/unix/sysv/linux/internal-sigset.h
fn=pthread_create@@GLIBC_2.34
34 4
102 4
103 4
fn=start_thread
102 3
fl=./nptl/../sysdeps/unix/sysv/linux/rseq-internal.h
fn=start_thread
32 8
40 4
fl=./nptl/../sysdeps/unix/sysv/linux/sigsetops.h
fn=pthread_create@@GLIBC_2.34
54 1
104 2
fl=./nptl/../sysdeps/unix/sysv/linux/x86/elision-conf.c
fn=__lll_elision_init
92 8
96 5
98 4
100 4
102 4
104 4
107 3
108 1
109 6
fl=./nptl/../sysdeps/x86/nptl/tls-setup.h
fn=pthread_create@@GLIBC_2.34
22 8
fl=./nptl/./nptl-stack.h
fn=pthread_create@@GLIBC_2.34
61 40
fl=./nptl/./nptl/allocatestack.c
fn=name_stack_maps
587 30
589 25
593 10
595 10
596 7
599 4
600 8
601 12
603 40
605 41
fn=pthread_create@@GLIBC_2.34
66 16
74 16
99 16
166 12
170 28
219 16
223 12
228 12
238 8
328 8
329 24
333 12
343 24
347 24
351 8
352 12
353 4
366 56
369 16
374 16
380 8
385 8
386 4
395 8
407 8
408 8
411 8
416 8
419 4
426 4
429 24
442 16
445 28
447 24
454 20
477 12
506 20
532 4
537 4
542 4
545 4
547 16
558 16
563 8
fn=start_thread
189 2
191 5
192 2
193 2
194 5
fl=./nptl/./nptl/cancellation.c
fn=__pthread_enable_asynccancel
31 1
32 1
33 2
37 2
39 2
42 4
45 2
56 2
fl=./nptl/./nptl/cleanup_compat.c
fn=_pthread_cleanup_push@@GLIBC_2.34
25 1
28 1
29 1
30 2
32 1
33 1
fl=./nptl/./nptl/futex-internal.c
fn=__futex_abstimed_wait_cancelable64
57 13
77 2
80 2
83 3
84 2
138 8
fl=./nptl/./nptl/libc-cleanup.c
fn=__libc_cleanup_pop_restore
54 5025955
55 5025955
57 10051910
59 5025955
60 15077865
71 5025955
fn=__libc_cleanup_push_defer
24 5025958
25 5025958
27 10051916
29 10051916
32 10051916
46 15077874
48 5025958
49 5025958
fl=./nptl/./nptl/lowlevellock.c
fn=__lll_lock_wait
41 4
42 6
45 12
48 2
fn=__lll_lock_wake
63 3
64 15
65 3
fl=./nptl/./nptl/nptl-stack.c
fn=__nptl_stack_list_add
43 4
44 16
52 4
53 4
fl=./nptl/./nptl/nptl_deallocate_tsd.c
fn=__nptl_deallocate_tsd
23 1
28 4
110 1
fl=./nptl/./nptl/pthread_attr_copy.c
fn=__pthread_attr_copy
25 52
29 32
32 4
38 12
61 32
62 4
63 44
fl=./nptl/./nptl/pthread_attr_destroy.c
fn=pthread_attr_destroy
26 4
36 12
44 8
fl=./nptl/./nptl/pthread_create.c
fn=create_thread
236 48
240 20
244 8
247 8
248 8
287 44
290 4
297 16
298 8
303 4
309 8
321 8
332 4
333 44
fn=pthread_create@@GLIBC_2.34
81 2
82 1
83 4
90 6
609 16
626 64
632 8
635 1
638 3
644 4
645 16
647 16
648 8
650 8
663 1
674 4
677 4
683 8
684 8
685 4
688 4
689 16
690 12
694 4
695 16
700 16
703 16
708 8
709 8
713 8
718 8
730 8
731 8
751 8
752 3
755 12
757 4
767 4
772 8
780 12
791 8
836 28
843 8
883 8
893 8
897 8
898 8
901 52
fn=start_thread
338 44
345 8
367 16
370 4
373 12
377 4
388 20
405 16
419 8
423 24
426 8
429 8
431 8
433 4
437 8
447 13
448 1
452 1
455 1
458 1
461 3
492 2
494 2
508 6
515 5
516 2
517 4
552 3
553 3
556 3
573 3
578 4
599 5
fl=./nptl/./nptl/pthread_getattr_default_np.c
fn=pthread_getattr_default_np@@GLIBC_2.34
24 24
25 16
26 12
27 16
29 12
fl=./nptl/./nptl/pthread_join.c
fn=pthread_join@@GLIBC_2.34
23 1
24 4
fl=./nptl/./nptl/pthread_join_common.c
fn=__pthread_clockjoin_ex
39 12
43 6
48 5
52 1
55 1
57 2
58 2
74 5
84 2
89 6
94 4
102 5
fl=./nptl/./nptl/pthread_mutex_conf.c
fn=__pthread_tunables_init
55 8
56 5
58 4
60 4
62 6
fl=./nptl/./nptl/pthread_mutex_init.c
fn=pthread_mutex_init@@GLIBC_2.2.5
53 12
65 3
92 2
105 6
136 4
140 1
149 1
151 1
152 10
fl=./nptl/./nptl/pthread_mutex_lock.c
fn=pthread_mutex_lock@@GLIBC_2.2.5
44 5025957
45 20103828
48 20103836
77 25129785
80 15077871
82 5025957
84 10051914
88 10051914
90 15077859
94 15077859
97 8
108 16
112 4
115 8
124 5025957
130 12
131 8
179 5025957
182 5025957
184 5025957
187 5025957
190 15077871
fl=./nptl/./nptl/pthread_mutex_unlock.c
fn=pthread_mutex_unlock@@GLIBC_2.2.5
39 5025957
40 20103828
43 20103840
51 15077871
52 10051914
57 10051914
62 5025957
65 5025957
70 5025957
72 5025957
74 8
80 16
84 12
87 8
367 20103828
369 10051914
fl=./resolv/./resolv/res-close.c
fn=__res_thread_freeres
131 7
132 1
134 5
142 6
fl=./resolv/./resolv/resolv_context.c
fn=__resolv_context_freeres
242 9
244 2
245 1
246 2
252 8
fl=./resource/../sysdeps/unix/sysv/linux/getrlimit64.c
fn=getrlimit
38 2
39 7
40 1
fl=./setjmp/../sysdeps/x86_64/bsd-_setjmp.S
fn=_setjmp
28 5
30 5
32 5
fl=./setjmp/../sysdeps/x86_64/setjmp.S
fn=__sigsetjmp
31 8
33 8
42 8
43 16
44 8
48 8
49 8
50 8
51 8
52 8
54 16
56 8
57 8
58 8
60 16
62 8
67 5
68 5
70 3
73 3
74 3
81 3
82 3
85 5
fl=./setjmp/./setjmp/sigjmp.c
fn=__sigjmp_save
28 30
29 5
30 10
34 20
fl=./signal/../string/bits/string_fortified.h
fn=__libc_sigaction
29 16
fl=./signal/../sysdeps/unix/sysv/linux/libc_sigaction.c
fn=__libc_sigaction
43 8
48 2
50 2
53 5
58 11
63 4
71 6
fl=./stdio-common/../include/printf_buffer.h
fn=__printf_buffer
163 16
fl=./stdio-common/../include/scratch_buffer.h
fn=__vfscanf_internal
77 15077868
78 5025956
85 20103812
113 5025954
fl=./stdio-common/../libio/strfile.h
fn=__isoc99_sscanf
87 5025956
88 35181692
89 10051912
90 25129780
fl=./stdio-common/../string/bits/string_fortified.h
fn=__printf_buffer_write
29 24
fn=__vfscanf_internal
59 5025956
fl=./stdio-common/./stdio-common/Xprintf_buffer_done.c
fn=__printf_buffer_done
25 4
26 12
31 8
33 48
40 4
fl=./stdio-common/./stdio-common/Xprintf_buffer_write.c
fn=__printf_buffer_write
27 96
28 36
31 56
33 40
36 8
37 16
40 24
41 8
44 72
fl=./stdio-common/./stdio-common/_itoa.c
fn=_itoa_word
169 4
172 16
174 8
183 176
192 8
fl=./stdio-common/./stdio-common/isoc99_sscanf.c
fn=__isoc99_sscanf
24 90467208
30 30155736
31 25129780
35 45233577
fl=./stdio-common/./stdio-common/printf-parse.h
fn=__printf_buffer
82 36
fn=__vfscanf_internal
55 226167969
fl=./stdio-common/./stdio-common/snprintf.c
fn=snprintf
26 48
30 24
31 12
35 20
fl=./stdio-common/./stdio-common/vfprintf-internal.c
fn=__printf_buffer
600 60
627 20
631 4
634 4
638 16
642 4
653 12
654 8
655 12
659 8
663 32
683 4
684 4
685 4
686 4
687 4
690 8
691 4
692 4
693 4
694 4
695 4
698 4
699 4
705 56
784 4
883 4
973 12
1018 4
1024 4
1028 12
1029 8
1031 8
1044 44
fl=./stdio-common/./stdio-common/vfprintf-process-arg.c
fn=__printf_buffer
66 4
67 4
92 4
93 4
94 4
126 8
128 8
130 8
131 32
136 12
138 8
155 60
161 36
166 24
170 8
186 20
187 36
195 20
197 12
199 16
201 28
206 8
208 16
211 8
224 8
233 8
236 8
240 20
fl=./stdio-common/./stdio-common/vfscanf-internal.c
fn=__vfscanf_internal
206 50259546
214 10051908
222 140726736
223 70363368
231 26681967
249 2419
260 68446634
263 80053158
278 65337428
282 5025956
283 15077868
284 5025956
288 25129780
289 10051912
293 5025956
313 5025956
325 5025956
326 5025956
327 5025956
328 5025956
332 5025956
339 25129780
345 25129780
348 20103824
352 10051912
359 10051912
365 5025956
367 20103824
372 50259560
381 281453460
419 130674824
443 160830552
444 130674824
447 150778640
449 60311456
483 35181684
489 175908420
506 326687070
509 15077865
510 15077865
530 35181684
533 316635156
660 70363368
664 70363368
665 211090104
669 70363368
670 351816840
676 588036708
679 392024472
680 281453472
681 281453472
685 567932898
1042 45233595
1065 150778650
1067 331713030
1069 346790881
1079 1361258720
1081 100519100
1149 256065339
1192 1778412992
1194 90467186
1234 60311452
1236 30155726
1242 30155726
1244 15077863
1992 35181678
1993 20103816
1998 15073024
2001 15077862
2013 40207632
2034 10051908
2097 5028373
2098 20103816
2101 16933
2102 4838
2104 12095
2119 2419
2124 53363934
2130 80045901
2133 16630059
2135 95493126
2143 20103816
2144 60311448
2167 5025954
2168 30155724
2170 20103816
2172 50259540
2173 15077862
2183 20103816
2186 80415264
2188 10051908
2190 10051908
2204 10051908
2220 35181678
2232 55285494
2239 204956025
2243 86624052
2246 10051908
2254 10051908
2492 30155724
2501 10051908
2508 10051908
2511 15077862
2513 10051908
2526 15077862
2528 5025954
2535 5025954
2537 30155724
2538 60311448
2545 15077862
2733 5023535
3095 30155718
3098 35181684
3105 20103812
3109 10051906
3126 10051906
3132 60311436
fl=./stdlib/../include/rounding-mode.h
fn=round_and_return
46 25129770
52 14018092
fl=./stdlib/../stdlib/gmp.h
fn=round_and_return
453 1983092
454 1983092
fl=./stdlib/../stdlib/strtol.c
fn=strtol
116 5025954
117 25129770
fl=./stdlib/../stdlib/strtol_l.c
fn=____strtol_l_internal
238 65337402
252 5025954
257 5025954
258 10051908
264 10051908
292 5025954
295 20103816
304 30155724
306 10051908
310 5025954
311 10051908
316 10051908
320 10051908
322 9951386
327 14927079
335 100522
342 10051908
345 20103816
393 5025954
394 5025954
395 5025954
449 30155720
451 85441210
453 45233580
477 5025954
478 5025954
481 45233580
484 60311440
489 25129768
490 45233580
495 10051908
500 15077862
506 10051908
507 10051908
509 15077862
524 5025954
546 40207632
fl=./stdlib/../string/bits/string_fortified.h
fn=____strtof_l_internal
29 44971457
fl=./stdlib/../sysdeps/generic/get-rounding-mode.h
fn=round_and_return
94 5025954
95 45233586
fl=./stdlib/../sysdeps/ieee754/flt-32/mpn2flt.c
fn=__mpn_construct_float
29 5025954
33 5025954
35 30155724
40 5025954
41 10051908
fl=./stdlib/../sysdeps/x86_64/lshift.S
fn=__mpn_lshift
28 14021213
29 14021213
30 14021213
32 14021213
33 14021213
34 14021213
46 14021213
47 14021213
48 14021213
49 14021213
50 14021213
51 14021213
52 14021213
58 14021213
59 14021213
60 14021213
fl=./stdlib/./stdlib/cxa_atexit.c
fn=__cxa_atexit
41 2
43 8
44 2
46 2
52 3
53 1
54 1
55 1
56 1
57 4
58 1
67 7
69 6
fn=__new_exitfn
80 5
81 1
86 2
91 10
93 4
101 1
122 1
123 1
134 1
136 1
137 1
141 5
fl=./stdlib/./stdlib/cxa_thread_atexit_impl.c
fn=__call_tls_dtors
148 5
149 4
165 4
fl=./stdlib/./stdlib/strtod.c
fn=__strtof_internal
68 5025954
69 15077862
fl=./stdlib/./stdlib/strtod_l.c
fn=____strtof_l_internal
508 60311448
514 5030792
553 5025954
561 15077862
563 10051908
587 5025954
595 10051908
596 15077862
597 15077862
601 5025954
602 5025954
603 4838
607 5025954
610 20103816
611 25129770
614 10051908
619 10051908
632 30155724
633 10051908
641 15077862
689 10059165
708 25129770
709 7257
710 4838
732 10056746
733 14514
734 19352
739 26609
740 4838
747 9676
775 61494282
776 10051908
779 23208210
788 10051908
801 23208210
804 20103816
846 10051908
855 40207632
856 10051908
862 15077862
863 5025954
864 20103816
865 35181678
868 10056746
869 12095
870 10051908
871 5025954
874 10051908
877 1054230
880 15077862
881 10051908
882 25129770
980 10051908
1013 10051908
1015 11633253
1017 527115
1018 527115
1020 1581345
1023 3162690
1042 15077862
1043 5025954
1048 10051908
1072 10051908
1081 10051908
1175 50259540
1176 5025954
1177 15077862
1180 20103816
1192 10051908
1195 10051908
1198 70329490
1204 30141210
1224 5023535
1248 15070605
1249 20094140
1253 10047070
1259 10047070
1291 10047070
1294 3689805
1296 1581345
1298 2635575
1306 2635575
1310 1054230
1325 4216920
1330 4496420
1353 8997678
1354 8997678
1355 4498839
1357 26990615
1366 8992840
1369 13489260
1370 22482100
1375 7257
1378 19352
1386 4838
1391 4838
1396 19352
1399 13496517
1402 40489551
1410 22494195
1413 4498839
1414 4498839
1417 8997678
1420 4498839
1422 8997678
1424 8997678
1425 13496517
1430 26993034
1440 4498839
1441 4498839
1443 8997678
1445 22494195
1449 40489551
1466 22494195
1468 17995356
1472 22494195
1473 26993034
1474 8997678
1485 13494098
1487 8997678
1494 4498839
1495 4498839
1496 26993034
1500 40482294
1538 94478038
1540 4503677
1542 40494389
1543 8997678
1544 8997678
1770 55285494
fn=round_and_return
215 80415264
218 10051908
226 5025954
233 5025954
313 10051908
316 10051908
319 15180228
320 10051908
328 3966184
338 3966184
350 11966788
352 8000580
355 37233006
356 35181678
fn=str_to_mpn.isra.0
365 95223740
374 19044748
375 9522374
378 9522374
379 57134244
382 32205888
413 64411776
416 8997678
423 4498839
426 52807671
427 32205888
429 32205888
431 38089496
438 28567122
440 28567122
442 9522374
443 9522374
458 85701366
fl=./string/../include/rtld-malloc.h
fn=strdup
56 6
fl=./string/../string/strcspn.c
fn=strcspn
32 6
33 3
34 2
39 6
40 4
41 4
42 4
44 1
47 9
48 6
51 4
52 4
53 4
54 4
56 3
61 13
62 26
63 26
64 26
65 13
67 78
69 1
70 4
71 3
fl=./string/../string/strstr.c
fn=__GI_strstr
77 12
82 3
84 5
85 2
86 2
161 12
fl=./string/../sysdeps/unix/sysv/linux/tls-internal.c
fn=__glibc_tls_internal_free
24 5
25 1
26 2
27 2
28 2
fl=./string/../sysdeps/x86/cacheinfo.c
fn=__x86_cacheinfo
86 1
fl=./string/../sysdeps/x86/cacheinfo.h
fn=__x86_cacheinfo
59 1
62 3
64 3
65 1
71 3
73 3
74 1
78 2
80 2
81 2
82 2
84 2
86 2
fl=./string/../sysdeps/x86_64/multiarch/../multiarch/memcmp-sse2.S
fn=bcmp
59 1
71 1
72 1
94 1
95 1
140 1
141 1
143 1
144 1
146 1
147 1
149 1
150 1
197 1
198 1
199 1
200 1
201 1
202 1
fl=./string/../sysdeps/x86_64/multiarch/../multiarch/memset-vec-unaligned-erms.S
fn=memset
132 11
133 55
138 11
139 11
142 6
143 6
244 6
245 6
257 6
260 6
261 6
273 6
274 6
287 6
288 6
290 6
293 1
296 2
299 35
300 35
301 35
302 35
303 35
304 35
305 35
308 6
309 6
310 6
311 6
316 6
350 5
352 5
353 5
392 5
393 5
395 5
fl=./string/../sysdeps/x86_64/multiarch/../multiarch/strchr-sse2.S
fn=index
32 15
33 15
34 15
35 15
36 15
37 15
38 15
39 15
40 15
41 15
42 15
43 15
44 15
45 15
46 15
47 15
48 15
49 15
50 13
54 13
55 13
56 13
57 13
59 13
63 2
64 2
65 2
66 2
67 2
68 2
69 2
70 2
71 2
72 2
73 2
74 2
75 2
76 2
77 2
78 2
79 2
80 2
81 2
82 2
83 2
84 2
85 2
86 2
138 2
142 2
143 2
144 2
145 2
147 2
fl=./string/../sysdeps/x86_64/multiarch/../multiarch/strcmp-sse2.S
fn=strcmp
98 212
131 212
132 212
134 212
135 212
156 212
157 212
158 179
159 179
160 162
161 162
162 162
163 162
180 162
181 162
182 162
183 162
184 162
185 162
186 162
191 16
192 48
201 66
202 66
203 66
204 66
205 66
206 66
207 66
208 66
209 63
210 33
211 33
212 33
214 63
215 63
216 63
217 63
218 63
219 63
229 3
230 3
231 3
233 3
239 3
240 3
241 3
242 3
243 3
248 3
300 6
301 6
302 6
303 6
304 6
306 6
307 6
308 6
309 6
310 6
311 6
312 6
313 6
316 6
317 6
318 6
324 6
325 6
326 12
330 6
331 6
334 6
335 6
336 6
338 6
339 6
340 6
344 6
345 6
346 6
347 6
348 6
349 6
424 2
425 2
426 2
427 2
428 2
430 2
431 2
432 2
433 2
434 2
435 2
436 2
437 2
440 2
441 2
442 2
448 2
449 2
450 4
454 2
455 2
458 2
459 2
460 2
462 2
463 2
464 2
468 2
469 2
470 2
471 2
472 2
473 2
661 1
662 1
663 1
664 1
665 1
667 1
668 1
669 1
670 1
671 1
672 1
673 1
780 3
781 3
782 3
783 3
784 3
786 3
787 3
788 3
789 3
790 3
791 3
792 3
793 2
797 2
798 2
799 2
805 2
806 2
807 4
811 2
812 2
815 2
816 2
817 2
819 2
820 2
821 2
825 2
826 2
827 2
828 2
829 2
830 2
899 4
900 4
901 4
902 4
903 4
905 4
906 4
907 4
908 4
909 4
910 4
911 4
912 2
916 2
917 2
918 2
924 2
925 2
926 4
930 2
931 2
934 2
935 2
936 2
938 2
939 2
940 2
944 2
945 2
946 2
947 2
948 2
949 2
956 1
957 1
959 1
960 1
962 1
963 1
964 1
966 1
967 1
968 1
972 1
973 1
974 1
975 1
976 1
977 1
1018 1
1019 1
1020 1
1021 1
1022 1
1024 1
1025 1
1026 1
1027 1
1028 1
1029 1
1030 1
1031 1
1035 1
1036 1
1037 1
1043 1
1044 1
1045 2
1049 1
1050 1
1053 1
1054 1
1055 1
1057 1
1058 1
1059 1
1063 1
1064 1
1065 1
1066 1
1067 1
1068 1
1137 5
1138 5
1139 5
1140 5
1141 5
1143 5
1144 5
1145 5
1146 5
1147 5
1148 5
1149 5
1150 1
1154 1
1155 1
1156 1
1162 1
1163 1
1164 2
1168 1
1169 1
1172 1
1173 1
1174 1
1176 1
1177 1
1178 1
1182 1
1183 1
1184 1
1185 1
1186 1
1187 1
1256 4
1257 4
1258 4
1259 4
1260 4
1262 4
1263 4
1264 4
1265 4
1266 4
1267 4
1268 4
1375 2
1376 2
1377 2
1378 2
1379 2
1381 2
1382 2
1383 2
1384 2
1385 2
1386 2
1387 2
1388 1
1392 1
1393 1
1394 1
1400 1
1401 1
1402 2
1406 1
1407 1
1410 1
1411 1
1412 1
1414 1
1415 1
1416 1
1420 1
1421 1
1422 1
1423 1
1424 1
1425 1
1494 4
1495 4
1496 4
1497 4
1498 4
1500 4
1501 4
1502 4
1503 4
1504 4
1505 4
1506 4
1507 4
1511 4
1512 4
1513 4
1519 4
1520 4
1521 8
1525 4
1526 4
1529 4
1530 4
1531 4
1533 4
1534 4
1535 4
1539 4
1540 4
1541 4
1542 4
1543 4
1544 4
1613 7
1614 7
1615 7
1616 7
1617 7
1619 7
1620 7
1621 7
1622 7
1623 7
1624 7
1625 7
1626 2
1630 2
1631 2
1632 2
1638 2
1639 2
1640 4
1644 2
1645 2
1648 2
1649 2
1650 2
1652 2
1653 2
1654 2
1658 2
1659 2
1660 2
1661 2
1662 2
1663 2
1670 1
1671 1
1673 1
1674 1
1676 1
1677 1
1678 1
1680 1
1681 1
1682 1
1686 1
1687 1
1688 1
1689 1
1690 1
1691 1
1732 9
1733 9
1734 9
1735 9
1736 9
1738 9
1739 9
1740 9
1741 9
1742 9
1743 9
1744 9
1745 6
1749 6
1750 6
1751 6
1757 6
1758 6
1759 12
1763 6
1764 6
1767 6
1768 6
1769 6
1771 6
1772 6
1773 6
1777 6
1778 6
1779 6
1780 6
1781 6
1782 6
1789 1
1790 1
1792 1
1793 1
1795 1
1796 1
1797 1
1799 1
1800 1
1801 1
1805 1
1806 1
1807 1
1808 1
1809 1
1810 1
1851 11
1852 11
1853 11
1854 11
1855 11
1857 11
1858 11
1859 11
1860 11
1861 11
1862 11
1863 11
1864 7
1868 7
1869 7
1870 7
1876 7
1877 7
1878 14
1882 7
1883 7
1886 7
1887 7
1888 7
1890 7
1891 7
1892 7
1896 7
1897 7
1898 7
1899 7
1900 7
1901 7
1970 4
1971 4
1972 4
1973 4
1974 4
1976 4
1977 4
1978 4
1979 4
1980 4
1981 4
1982 4
1984 3
1988 3
1989 3
1990 3
1996 3
1997 3
1999 6
2003 3
2004 3
2007 3
2008 3
2009 3
2011 3
2012 3
2013 3
2017 3
2018 3
2019 3
2020 3
2021 3
2022 3
2093 37
2095 66
2096 66
2097 66
2098 66
2099 66
2104 212
2110 212
2111 212
2119 212
2120 212
fn=strncmp
98 1
125 1
126 1
127 1
128 1
129 1
131 1
132 1
134 1
135 1
156 1
157 1
158 1
159 1
160 1
161 1
162 1
163 1
180 1
181 1
182 1
183 1
184 1
185 1
186 1
2104 1
2107 1
2108 1
2110 1
2111 1
2119 1
2120 1
fl=./string/../sysdeps/x86_64/multiarch/../multiarch/strlen-sse2.S
fn=strlen
57 15
101 15
102 15
103 15
104 15
105 15
106 15
107 15
109 15
111 15
142 15
143 15
144 15
145 15
146 15
147 9
149 9
153 6
154 6
155 6
156 6
157 6
158 6
159 6
160 6
161 6
162 6
163 6
164 6
169 48
fl=./string/../sysdeps/x86_64/multiarch/ifunc-avx2.h
fn=memrchr
38 4
40 3
41 2
42 3
45 2
46 2
49 3
52 6
fn=rindex
38 4
40 3
41 2
42 3
45 2
46 2
49 3
52 6
fn=strchrnul
38 4
40 3
41 2
42 3
45 2
46 2
49 3
52 6
fn=strlen
38 4
40 3
41 2
42 3
45 2
46 2
49 3
52 6
fn=strnlen
38 8
40 6
41 4
42 6
45 4
46 4
49 6
52 12
fl=./string/../sysdeps/x86_64/multiarch/ifunc-evex.h
fn=memchr
37 4
38 3
39 3
42 2
43 2
45 2
51 3
54 4
fl=./string/../sysdeps/x86_64/multiarch/ifunc-memcmp.h
fn=bcmp
34 5
35 2
36 2
37 3
40 2
41 2
44 3
47 4
fl=./string/../sysdeps/x86_64/multiarch/ifunc-memmove.h
fn=memcpy@@GLIBC_2.14
56 2
57 3
60 3
61 2
74 2
77 2
85 2
93 2
96 5
fn=memmove
56 2
57 3
60 3
61 2
74 2
77 2
85 2
93 2
96 5
fn=mempcpy
56 2
57 3
60 3
61 2
74 2
77 2
85 2
93 2
96 5
fl=./string/../sysdeps/x86_64/multiarch/ifunc-memset.h
fn=memset
54 10
57 6
58 4
64 4
73 4
75 4
85 4
93 4
96 10
fl=./string/../sysdeps/x86_64/multiarch/ifunc-sse4_2.h
fn=strcspn
36 5
fn=strpbrk
36 5
fn=strspn
36 5
fl=./string/../sysdeps/x86_64/multiarch/ifunc-strcasecmp.h
fn=strcasecmp
36 4
37 2
38 3
41 2
42 2
45 3
48 5
fn=strcasecmp_l
36 4
37 2
38 3
41 2
42 2
45 3
48 5
fn=strncasecmp
36 4
37 2
38 3
41 2
42 2
45 3
48 5
fn=strncasecmp_l
36 4
37 2
38 3
41 2
42 2
45 3
48 5
fl=./string/../sysdeps/x86_64/multiarch/ifunc-strcpy.h
fn=stpcpy
38 4
39 3
42 2
43 2
46 3
49 3
fn=strcat
38 4
39 3
42 2
43 2
46 3
49 3
fn=strcpy
38 4
39 3
42 2
43 2
46 3
49 3
fl=./string/../sysdeps/x86_64/multiarch/ifunc-strncpy.h
fn=stpncpy
35 5
36 3
39 2
40 2
43 3
46 4
fn=strncpy
35 10
36 6
39 4
40 4
43 6
46 8
fl=./string/../sysdeps/x86_64/multiarch/memchr.c
fn=memchr
29 2
fl=./string/../sysdeps/x86_64/multiarch/memcmp.c
fn=bcmp
29 4
fl=./string/../sysdeps/x86_64/multiarch/memcmpeq.c
fn=memcpy@@GLIBC_2.14
29 1
fl=./string/../sysdeps/x86_64/multiarch/memmove-vec-unaligned-erms.S
fn=???
251 35981036
fn=__memcpy_avx_unaligned_erms
255 8995368
256 8995368
262 8995368
263 8995368
265 1
266 1
267 1
305 8995367
306 8995367
308 8995363
309 8995363
311 4
315 4
316 4
317 4
318 4
319 4
320 4
321 4
323 4
325 4
342 4
343 4
344 4
345 4
347 4
364 8995359
365 8995359
366 8995359
367 8995359
368 8995359
386 1
387 1
392 1
393 1
417 1
418 1
422 1
424 1
428 1
429 1
440 1
443 1
445 1
447 1
451 1
452 1
461 1
462 1
464 1
466 1
467 1
468 1
471 1
473 1
475 1
477 2
483 18
484 18
485 18
486 18
487 18
488 18
489 18
490 18
491 18
492 18
493 18
494 18
496 1
497 1
498 1
499 1
501 1
505 2
fn=__memcpy_chk_avx_unaligned_erms
249 8995259
250 8995259
251 8995259
fn=memcpy
210 15
211 15
217 32
218 32
220 18
221 18
222 18
224 14
225 14
226 14
228 14
308 14
309 14
311 2
315 2
316 2
317 2
318 1
319 1
323 1
325 2
364 12
365 12
366 12
367 12
368 12
375 4
376 4
377 4
378 4
379 4
380 4
381 4
392 4
393 4
395 4
396 4
397 4
fn=mempcpy
197 17
198 17
199 17
200 17
fl=./string/../sysdeps/x86_64/multiarch/memmove.c
fn=memmove
29 1
fl=./string/../sysdeps/x86_64/multiarch/mempcpy.c
fn=mempcpy
33 1
fl=./string/../sysdeps/x86_64/multiarch/memrchr.c
fn=memrchr
29 3
fl=./string/../sysdeps/x86_64/multiarch/memset-vec-unaligned-erms.S
fn=__memset_avx2_unaligned_erms
158 5
159 10
164 5
165 5
166 5
167 5
168 5
237 5
238 5
244 4
245 4
257 4
260 4
261 4
273 4
274 4
287 4
288 4
290 4
293 4
296 4
299 4
300 4
301 4
302 4
303 4
304 4
305 8
308 4
309 4
310 4
311 4
314 8
325 1
326 1
327 1
328 72073
329 1
330 2
fl=./string/../sysdeps/x86_64/multiarch/memset.c
fn=memset
29 2
fl=./string/../sysdeps/x86_64/multiarch/stpcpy.c
fn=stpcpy
33 3
fl=./string/../sysdeps/x86_64/multiarch/stpncpy.c
fn=stpncpy
31 3
fl=./string/../sysdeps/x86_64/multiarch/strcasecmp.c
fn=strcasecmp
31 3
fl=./string/../sysdeps/x86_64/multiarch/strcasecmp_l.c
fn=strcasecmp_l
31 3
fl=./string/../sysdeps/x86_64/multiarch/strcat.c
fn=strcat
29 3
fl=./string/../sysdeps/x86_64/multiarch/strchr-avx2.S
fn=__strchr_avx2
53 5025957
55 5025957
56 5025957
57 5025957
58 5025957
59 5025957
62 5025957
63 5025957
67 4987846
68 4987846
69 4987846
70 4987846
71 4987846
72 4987846
73 4987846
74 1
77 1
85 1
93 1
94 2
101 1290174
102 1290174
105 1290174
106 1290174
108 1290174
109 2580348
114 3735782
115 3735782
118 3735782
119 3735782
121 3735782
122 7471564
157 4987845
161 5025956
162 5025956
163 5025956
164 5025956
165 5025956
166 5025956
167 5025956
169 3735782
170 3735782
171 3735782
172 3735782
173 3735782
174 3735782
175 3735782
291 38111
293 38111
294 38111
295 38111
296 38111
297 38111
298 38111
301 38111
302 38111
303 38111
fn=__strchrnul_avx2
53 8
55 8
56 8
57 8
58 8
59 8
62 8
63 8
67 8
68 8
69 8
70 8
71 8
72 8
73 8
74 8
87 8
89 16
fl=./string/../sysdeps/x86_64/multiarch/strchr.c
fn=index
42 8
43 4
44 6
47 4
48 4
51 6
54 6
65 6
fl=./string/../sysdeps/x86_64/multiarch/strchrnul.c
fn=strchrnul
31 3
fl=./string/../sysdeps/x86_64/multiarch/strcmp.c
fn=strcmp
47 4
48 2
49 3
52 2
53 2
56 3
59 3
79 3
fl=./string/../sysdeps/x86_64/multiarch/strcpy.c
fn=strcpy
29 3
fl=./string/../sysdeps/x86_64/multiarch/strcspn.c
fn=strcspn
29 2
fl=./string/../sysdeps/x86_64/multiarch/strlen-avx2.S
fn=__strlen_avx2
52 10052010
65 10052010
66 10052010
67 10052010
70 10052010
72 10052010
73 10052010
76 10052010
77 10052010
85 10052010
86 10052010
87 5026054
92 10052108
118 5025956
131 5025956
132 5025956
133 5025956
139 10051912
221 5025956
236 5025956
242 5025956
243 5025956
244 5025956
fl=./string/../sysdeps/x86_64/multiarch/strlen.c
fn=strlen
29 3
fl=./string/../sysdeps/x86_64/multiarch/strncase.c
fn=strncasecmp
31 3
fl=./string/../sysdeps/x86_64/multiarch/strncase_l.c
fn=strncasecmp_l
31 3
fl=./string/../sysdeps/x86_64/multiarch/strncmp.c
fn=strncmp
43 4
44 2
45 3
48 2
49 2
52 3
55 5
67 3
fl=./string/../sysdeps/x86_64/multiarch/strncpy-avx2.S
fn=__strncpy_avx2
54 5025956
72 5025956
75 5025956
78 5025956
79 5025956
80 5025956
81 5025956
82 5025956
85 5025956
86 5025956
87 5025956
91 5025956
98 5025956
100 5025956
104 5025956
106 5025956
107 5025956
110 5025956
111 5025956
112 5025956
113 5025956
115 5025956
117 5025956
120 5025956
121 5025956
122 5025956
124 5025956
125 5025956
127 5025956
128 5025956
130 3578437
131 3578437
133 3578437
134 3578437
135 3578437
136 3578437
138 5025956
139 5025956
140 5025956
150 5025956
151 5025956
163 10051912
655 38111
656 38111
658 38111
660 38111
661 38111
663 38111
664 38111
665 38111
666 38111
671 38111
672 38111
fl=./string/../sysdeps/x86_64/multiarch/strncpy.c
fn=strncpy
29 6
fl=./string/../sysdeps/x86_64/multiarch/strnlen.c
fn=strnlen
31 6
fl=./string/../sysdeps/x86_64/multiarch/strpbrk.c
fn=strpbrk
29 2
fl=./string/../sysdeps/x86_64/multiarch/strrchr-avx2.S
fn=__strrchr_avx2
53 1
54 1
55 1
57 1
58 1
62 1
63 1
64 1
67 1
69 1
70 1
71 1
72 1
75 1
76 1
78 1
79 1
80 1
81 1
82 1
91 2
fl=./string/../sysdeps/x86_64/multiarch/strrchr.c
fn=rindex
28 3
fl=./string/../sysdeps/x86_64/multiarch/strspn.c
fn=strspn
29 2
fl=./string/./string/strdup.c
fn=strdup
40 18
41 6
44 6
47 12
48 9
fl=./sunrpc/./sunrpc/rpc_thread.c
fn=__rpc_thread_destroy
21 5
22 2
24 2
39 4
fl=./time/../sysdeps/unix/sysv/linux/clock_gettime.c
fn=clock_gettime@@GLIBC_2.17
30 1
38 2
40 2
44 2
68 2
69 2
fl=./wcsmbs/../sysdeps/x86_64/multiarch/ifunc-avx2.h
fn=wcschr
38 8
40 6
41 4
42 6
45 4
46 4
49 6
52 12
fn=wcscmp
38 4
40 3
41 2
42 3
45 2
46 2
49 3
52 6
fl=./wcsmbs/../sysdeps/x86_64/multiarch/ifunc-evex.h
fn=wmemchr
37 8
38 6
39 6
42 4
43 4
45 4
51 6
54 8
fl=./wcsmbs/../sysdeps/x86_64/multiarch/ifunc-memcmp.h
fn=wmemcmp
34 5
35 2
36 2
37 3
40 2
41 2
44 3
47 4
fl=./wcsmbs/../sysdeps/x86_64/multiarch/ifunc-wcs.h
fn=wcpncpy
39 4
40 3
41 3
44 2
45 3
48 4
fn=wcscat
39 4
40 3
41 3
44 2
45 3
48 4
fn=wcsncpy
39 4
40 3
41 3
44 2
45 3
48 4
fl=./wcsmbs/../sysdeps/x86_64/multiarch/ifunc-wcslen.h
fn=wcslen
40 4
41 2
42 3
45 2
46 2
49 3
52 3
fn=wcsnlen
40 4
41 2
42 3
45 2
46 2
49 3
52 3
fl=./wcsmbs/../sysdeps/x86_64/multiarch/ifunc-wmemset.h
fn=wmemset
36 10
37 6
fl=./wcsmbs/../sysdeps/x86_64/multiarch/wcpcpy.c
fn=wcpncpy
31 1
fl=./wcsmbs/../sysdeps/x86_64/multiarch/wcpncpy.c
fn=wcpncpy
31 1
fl=./wcsmbs/../sysdeps/x86_64/multiarch/wcscat.c
fn=wcscat
31 2
fn=wcschr
31 2
fl=./wcsmbs/../sysdeps/x86_64/multiarch/wcschr.c
fn=wcschr
31 4
fl=./wcsmbs/../sysdeps/x86_64/multiarch/wcscmp.c
fn=wcscmp
30 3
fl=./wcsmbs/../sysdeps/x86_64/multiarch/wcscpy.c
fn=wcscpy
42 4
43 2
44 3
46 2
47 3
50 3
60 2
fl=./wcsmbs/../sysdeps/x86_64/multiarch/wcslen.c
fn=wcslen
29 3
fl=./wcsmbs/../sysdeps/x86_64/multiarch/wcsncpy.c
fn=wcsncpy
31 2
fl=./wcsmbs/../sysdeps/x86_64/multiarch/wcsnlen.c
fn=wcsnlen
30 3
fl=./wcsmbs/../sysdeps/x86_64/multiarch/wmemchr.c
fn=wmemchr
31 4
fl=./wcsmbs/../sysdeps/x86_64/multiarch/wmemcmp.c
fn=wmemcmp
29 4
fl=./wcsmbs/../sysdeps/x86_64/multiarch/wmemset.c
fn=wmemset
31 4
fl=???
fn=(below main)
0 12
fn=???
0 98406591
fn=main
0 197
fn=process_log_chunk
0 329769508
summary: 20004109432
